0 0
1 0
2 0
3 0
4 0
5 0
6 0
7 0
8 0
9 0
10 0
11 0
12 0
13 0
14 0
15 0
16 0
17 0
18 0
19 0
20 0
21 0
22 0
23 0
24 0
25 0
26 0
27 0
28 0
29 0
30 0
31 0
32 0
33 0
34 0
35 0
36 0
37 0
38 0
39 0
40 0
41 0
42 0
43 0
44 0
45 0
46 0
47 0
48 0
49 0
50 0
51 0
52 0
53 0
54 0
55 0
56 0
57 0
58 0
59 0
60 0
61 0
62 0
63 0
64 0
65 0
66 0
67 0
68 0
69 0
70 0
71 0
72 0
73 0
74 0
75 0
76 0
77 0
78 0
79 0
80 0
81 0
82 0
83 0
84 0
85 0
86 0
87 0
88 0
89 0
90 0
91 0
92 0
93 0
94 0
95 0
96 0
97 0
98 0
99 0
100 0
101 0
102 0
103 0
104 0
105 0
106 0
107 0
108 0
109 0
110 0
111 0
112 0
113 0
114 0
115 0
116 0
117 7938
118 23814
119 32767
120 32767
121 32767
122 32767
123 -32768
124 -32768
125 -32768
126 -32768
127 -32768
128 -32768
129 32767
130 32767
131 32767
132 32767
133 32767
134 32767
135 32767
136 32767
137 32767
138 32767
139 32767
140 32767
141 32767
142 32767
143 32767
144 32767
145 32767
146 32767
147 32767
148 32767
149 32767
150 32767
151 32767
152 32767
153 32767
154 32767
155 32767
156 32767
157 32767
158 32767
159 32767
160 32767
161 32767
162 32767
163 32767
164 32767
165 32767
166 32767
167 32767
168 32767
169 32767
170 32767
171 32767
172 32767
173 32767
174 32767
175 32767
176 32767
177 32767
178 32767
179 32767
180 32767
181 32767
182 32767
183 32767
184 32767
185 32767
186 32767
187 32767
188 32767
189 32767
190 32767
191 32767
192 32767
193 32767
194 32767
195 32767
196 32767
197 32767
198 32767
199 32767
200 32767
201 32767
202 32767
203 32767
204 32767
205 32767
206 32767
207 32767
208 32767
209 32767
210 32767
211 32767
212 32767
213 32767
214 32767
215 32767
216 32767
217 32767
218 32767
219 32767
220 32767
221 32767
222 32767
223 32767
224 32767
225 32767
226 32767
227 32767
228 32767
229 32767
230 32767
231 32767
232 32767
233 32767
234 32767
235 32767
236 32767
237 32767
238 32767
239 -32768
240 -32768
241 -32768
242 -32768
243 -32768
244 -32768
245 -32768
246 -32768
247 -32768
248 -32768
249 -32768
250 -32768
251 -32768
252 -32768
253 -32768
254 -32768
255 -32768
256 -32768
257 -32768
258 -32768
259 -32768
260 -32768
261 -32768
262 -32768
263 -32768
264 -32768
265 -32768
266 -32768
267 -32768
268 -32768
269 -32768
270 -32768
271 -32768
272 -32768
273 -32768
274 -32768
275 -32768
276 -32768
277 -32768
278 -32768
279 -32768
280 -32768
281 -32768
282 -32768
283 -32768
284 -32768
285 -32768
286 -32768
287 -32768
288 -32768
289 -32768
290 -32768
291 -32768
292 -32768
293 -32768
294 -32768
295 -32768
296 -32768
297 -32768
298 -32768
299 -32768
300 -32768
301 -32768
302 -32768
303 -32768
304 -32768
305 -32768
306 -32768
307 -32768
308 -32768
309 -32768
310 -32768
311 -32768
312 -32768
313 -32768
314 -32768
315 -32768
316 -32768
317 -32768
318 -32768
319 -32768
320 -32768
321 -32768
322 -32768
323 -32768
324 -32768
325 -32768
326 -32768
327 -32768
328 -32768
329 -32768
330 -32768
331 -32768
332 -32768
333 -32768
334 -32768
335 -32768
336 -32768
337 -32768
338 -32768
339 -32768
340 -32768
341 -32768
342 -32768
343 -32768
344 -32768
345 -32768
346 -32768
347 -32768
348 -32768
349 -32768
350 -32768
351 -32768
352 -32768
353 -32768
354 -32768
355 -32768
356 -32768
357 -32768
358 -32768
359 -32768
360 -32768
361 -32768
362 -32768
363 -32768
364 -32768
365 -32768
366 -32768
367 32767
368 32767
369 32767
370 32767
371 32767
372 32767
373 32767
374 32767
375 32767
376 32767
377 32767
378 32767
379 32767
380 32767
381 32767
382 32767
383 32767
384 32767
385 32767
386 32767
387 32767
388 32767
389 32767
390 32767
391 32767
392 32767
393 32767
394 32767
395 32767
396 32767
397 32767
398 32767
399 32767
400 32767
401 32767
402 32767
403 32767
404 32767
405 32767
406 32767
407 32767
408 32767
409 32767
410 32767
411 32767
412 32767
413 32767
414 32767
415 32767
416 32767
417 32767
418 32767
419 32767
420 32767
421 32767
422 32767
423 32767
424 32767
425 32767
426 32767
427 32767
428 32767
429 32767
430 32767
431 32767
432 32767
433 32767
434 32767
435 32767
436 32767
437 32767
438 32767
439 32767
440 32767
441 32767
442 32767
443 32767
444 32767
445 32767
446 32767
447 32767
448 32767
449 32767
450 32767
451 32767
452 32767
453 32767
454 32767
455 32767
456 32767
457 32767
458 32767
459 32767
460 32767
461 32767
462 32767
463 32767
464 32767
465 32767
466 32767
467 32767
468 32767
469 32767
470 32767
471 32767
472 32767
473 32767
474 32767
475 32767
476 32767
477 32767
478 32767
479 32767
480 32767
481 32767
482 32767
483 32767
484 32767
485 32767
486 32767
487 32767
488 32767
489 32767
490 32767
491 32767
492 32767
493 32767
494 32767
495 -32768
496 -32768
497 -32768
498 -32768
499 -32768
500 -32768
501 -32768
502 -32768
503 -32768
504 -32768
505 -32768
506 -32768
507 -32768
508 -32768
509 -32768
510 -32768
511 -32768
512 -32768
513 -32768
514 -32768
515 -32768
516 -32768
517 -32768
518 -32768
519 -32768
520 -32768
521 -32768
522 -32768
523 -32768
524 -32768
525 -32768
526 -32768
527 -32768
528 -32768
529 -32768
530 -32768
531 -32768
532 -32768
533 -32768
534 -32768
535 -32768
536 -32768
537 -32768
538 -32768
539 -32768
540 -32768
541 -32768
542 -32768
543 -32768
544 -32768
545 -32768
546 -32768
547 -32768
548 -32768
549 -32768
550 -32768
551 -32768
552 -32768
553 -32768
554 -32768
555 -32768
556 -32768
557 -32768
558 -32768
559 -32768
560 -32768
561 -32768
562 -32768
563 -32768
564 -32768
565 -32768
566 -32768
567 -32768
568 -32768
569 -32768
570 -32768
571 -32768
572 -32768
573 -32768
574 -32768
575 -32768
576 -32768
577 -32768
578 -32768
579 -32768
580 -32768
581 -32768
582 -32768
583 -32768
584 -32768
585 -32768
586 -32768
587 -32768
588 -32768
589 -32768
590 -32768
591 -32768
592 -32768
593 -32768
594 -32768
595 -32768
596 -32768
597 -32768
598 -32768
599 -32768
600 -32768
601 -32768
602 -32768
603 -32768
604 -32768
605 -32768
606 -32768
607 -32768
608 -32768
609 -32768
610 -32768
611 -32768
612 -32768
613 -32768
614 -32768
615 -32768
616 -32768
617 -32768
618 -32768
619 -32768
620 -32768
621 -32768
622 -32768
623 32767
624 32767
625 32767
626 32767
627 32767
628 32767
629 32767
630 32767
631 32767
632 32767
633 32767
634 32767
635 32767
636 32767
637 32767
638 32767
639 32767
640 32767
641 32767
642 32767
643 32767
644 32767
645 32767
646 32767
647 32767
648 32767
649 32767
650 32767
651 32767
652 32767
653 32767
654 32767
655 32767
656 32767
657 32767
658 32767
659 32767
660 32767
661 32767
662 32767
663 32767
664 32767
665 32767
666 32767
667 32767
668 32767
669 32767
670 32767
671 32767
672 32767
673 32767
674 32767
675 32767
676 32767
677 32767
678 32767
679 32767
680 32767
681 32767
682 32767
683 32767
684 32767
685 32767
686 32767
687 32767
688 32767
689 32767
690 32767
691 32767
692 32767
693 32767
694 32767
695 32767
696 32767
697 32767
698 32767
699 32767
700 32767
701 32767
702 32767
703 32767
704 32767
705 32767
706 32767
707 32767
708 32767
709 32767
710 32767
711 32767
712 32767
713 32767
714 32767
715 32767
716 32767
717 32767
718 32767
719 32767
720 32767
721 32767
722 32767
723 32767
724 32767
725 32767
726 32767
727 32767
728 32767
729 32767
730 32767
731 32767
732 32767
733 32767
734 32767
735 32767
736 32767
737 32767
738 32767
739 32767
740 32767
741 32767
742 32767
743 32767
744 32767
745 32767
746 32767
747 32767
748 32767
749 32767
750 32767
751 -32768
752 -32768
753 -32768
754 -32768
755 -32768
756 -32768
757 -32768
758 -32768
759 -32768
760 -32768
761 -32768
762 -32768
763 -32768
764 -32768
765 -32768
766 -32768
767 -32768
768 -32768
769 -32768
770 -32768
771 -32768
772 -32768
773 -32768
774 -32768
775 -32768
776 -32768
777 -32768
778 -32768
779 -32768
780 -32768
781 -32768
782 -32768
783 -32768
784 -32768
785 -32768
786 -32768
787 -32768
788 -32768
789 -32768
790 -32768
791 -32768
792 -32768
793 -32768
794 -32768
795 -32768
796 -32768
797 -32768
798 -32768
799 -32768
800 -32768
801 -32768
802 -32768
803 -32768
804 -32768
805 -32768
806 -32768
807 -32768
808 -32768
809 -32768
810 -32768
811 -32768
812 -32768
813 -32768
814 -32768
815 -32768
816 -32768
817 -32768
818 -32768
819 -32768
820 -32768
821 -32768
822 -32768
823 -32768
824 -32768
825 -32768
826 -32768
827 -32768
828 -32768
829 -32768
830 -32768
831 -32768
832 -32768
833 -32768
834 -32768
835 -32768
836 -32768
837 -32768
838 -32768
839 -32768
840 -32768
841 -32768
842 -32768
843 -32768
844 -32768
845 -32768
846 -32768
847 -32768
848 -32768
849 -32768
850 -32768
851 -32768
852 -32768
853 -32768
854 -32768
855 -32768
856 -32768
857 -32768
858 -32768
859 -32768
860 -32768
861 -32768
862 -32768
863 -32768
864 -32768
865 -32768
866 -32768
867 -32768
868 -32768
869 -32768
870 -32768
871 -32768
872 -32768
873 -32768
874 -32768
875 -32768
876 -32768
877 -32768
878 -32768
879 32767
880 32767
881 32767
882 32767
883 32767
884 32767
885 32767
886 32767
887 32767
888 32767
889 32767
890 32767
891 32767
892 32767
893 32767
894 32767
895 32767
896 32767
897 32767
898 32767
899 32767
900 32767
901 32767
902 32767
903 32767
904 32767
905 32767
906 32767
907 32767
908 32767
909 32767
910 32767
911 32767
912 32767
913 32767
914 32767
915 32767
916 32767
917 32767
918 32767
919 32767
920 32767
921 32767
922 32767
923 32767
924 32767
925 32767
926 32767
927 32767
928 32767
929 32767
930 32767
931 32767
932 32767
933 32767
934 32767
935 32767
936 32767
937 32767
938 32767
939 32767
940 32767
941 32767
942 32767
943 32767
944 32767
945 32767
946 32767
947 32767
948 32767
949 32767
950 32767
951 32767
952 32767
953 32767
954 32767
955 32767
956 32767
957 32767
958 32767
959 32767
960 32767
961 32767
962 32767
963 32767
964 32767
965 32767
966 32767
967 32767
968 32767
969 32767
970 32767
971 32767
972 32767
973 32767
974 32767
975 32767
976 32767
977 32767
978 32767
979 32767
980 32767
981 32767
982 32767
983 32767
984 32767
985 32767
986 32767
987 32767
988 32767
989 32767
990 32767
991 32767
992 32767
993 32767
994 32767
995 32767
996 32767
997 32767
998 32767
999 32767
1000 32767
1001 32767
1002 32767
1003 32767
1004 32767
1005 32767
1006 32767
1007 -32768
1008 -32768
1009 -32768
1010 -32768
1011 -32768
1012 -32768
1013 -32768
1014 -32768
1015 -32768
1016 -32768
1017 -32768
1018 -32768
1019 -32768
1020 -32768
1021 -32768
1022 -32768
1023 -32768
1024 -32768
1025 -32768
1026 -32768
1027 -32768
1028 -32768
1029 -32768
1030 -32768
1031 -32768
1032 -32768
1033 -32768
1034 -32768
1035 -32768
1036 -32768
1037 -32768
1038 -32768
1039 -32768
1040 -32768
1041 -32768
1042 -32768
1043 -32768
1044 -32768
1045 -32768
1046 -32768
1047 -32768
1048 -32768
1049 -32768
1050 -32768
1051 -32768
1052 -32768
1053 -32768
1054 -32768
1055 -32768
1056 -32768
1057 -32768
1058 -32768
1059 -32768
1060 -32768
1061 -32768
1062 -32768
1063 -32768
1064 -32768
1065 -32768
1066 -32768
1067 -32768
1068 -32768
1069 -32768
1070 -32768
1071 -32768
1072 -32768
1073 -32768
1074 -32768
1075 -32768
1076 -32768
1077 -32768
1078 -32768
1079 -32768
1080 -32768
1081 -32768
1082 -32768
1083 -32768
1084 -32768
1085 -32768
1086 -32768
1087 -32768
1088 -32768
1089 -32768
1090 -32768
1091 -32768
1092 -32768
1093 -32768
1094 -32768
1095 -32768
1096 -32768
1097 -32768
1098 -32768
1099 -32768
1100 -32768
1101 -32768
1102 -32768
1103 -32768
1104 -32768
1105 -32768
1106 -32768
1107 -32768
1108 -32768
1109 -32768
1110 -32768
1111 -32768
1112 -32768
1113 -32768
1114 -32768
1115 -32768
1116 -32768
1117 -32768
1118 -32768
1119 -32768
1120 -32768
1121 -32768
1122 -32768
1123 -32768
1124 -32768
1125 -32768
1126 -32768
1127 -32768
1128 -32768
1129 -32768
1130 -32768
1131 -32768
1132 -32768
1133 -32768
1134 -32768
1135 -32768
1136 -32768
1137 -32768
1138 -32768
1139 -32768
1140 -32768
1141 -32768
1142 -32768
1143 -32768
1144 -32768
1145 -32768
1146 -32768
1147 -32768
1148 -32768
1149 -32768
1150 -32768
1151 -32768
1152 -32768
1153 32767
1154 32767
1155 32767
1156 32767
1157 32767
1158 32767
1159 -32768
1160 -32768
1161 -32768
1162 -32768
1163 -32768
1164 -32768
1165 -32768
1166 -32768
1167 32767
1168 32767
1169 32767
1170 32767
1171 32767
1172 32767
1173 32767
1174 32767
1175 -32768
1176 -32768
1177 -32768
1178 -32768
1179 -32768
1180 -32768
1181 -32768
1182 -32768
1183 32767
1184 32767
1185 32767
1186 32767
1187 32767
1188 32767
1189 32767
1190 32767
1191 -32768
1192 -32768
1193 -32768
1194 -32768
1195 -32768
1196 -32768
1197 -32768
1198 -32768
1199 32767
1200 32767
1201 32767
1202 32767
1203 32767
1204 32767
1205 32767
1206 32767
1207 -32768
1208 -32768
1209 -32768
1210 -32768
1211 -32768
1212 -32768
1213 -32768
1214 -32768
1215 32767
1216 32767
1217 32767
1218 32767
1219 32767
1220 32767
1221 32767
1222 32767
1223 -32768
1224 -32768
1225 -32768
1226 -32768
1227 -32768
1228 -32768
1229 -32768
1230 -32768
1231 32767
1232 32767
1233 32767
1234 32767
1235 32767
1236 32767
1237 32767
1238 32767
1239 -32768
1240 -32768
1241 -32768
1242 -32768
1243 -32768
1244 -32768
1245 -32768
1246 -32768
1247 32767
1248 32767
1249 32767
1250 32767
1251 32767
1252 32767
1253 32767
1254 32767
1255 -32768
1256 -32768
1257 -32768
1258 -32768
1259 -32768
1260 -32768
1261 -32768
1262 -32768
1263 32767
1264 32767
1265 32767
1266 32767
1267 32767
1268 32767
1269 32767
1270 32767
1271 -32768
1272 -32768
1273 -32768
1274 -32768
1275 -32768
1276 -32768
1277 -32768
1278 -32768
1279 32767
1280 32767
1281 32767
1282 32767
1283 32767
1284 32767
1285 32767
1286 32767
1287 -32768
1288 -32768
1289 -32768
1290 -32768
1291 -32768
1292 -32768
1293 -32768
1294 -32768
1295 32767
1296 32767
1297 32767
1298 32767
1299 32767
1300 32767
1301 32767
1302 32767
1303 -32768
1304 -32768
1305 -32768
1306 -32768
1307 -32768
1308 -32768
1309 -32768
1310 -32768
1311 32767
1312 32767
1313 32767
1314 32767
1315 32767
1316 32767
1317 32767
1318 32767
1319 -32768
1320 -32768
1321 -32768
1322 -32768
1323 -32768
1324 -32768
1325 -32768
1326 -32768
1327 32767
1328 32767
1329 32767
1330 32767
1331 32767
1332 32767
1333 32767
1334 32767
1335 -32768
1336 -32768
1337 -32768
1338 -32768
1339 -32768
1340 -32768
1341 -32768
1342 -32768
1343 32767
1344 32767
1345 32767
1346 32767
1347 32767
1348 32767
1349 32767
1350 32767
1351 -32768
1352 -32768
1353 -32768
1354 -32768
1355 -32768
1356 -32768
1357 -32768
1358 -32768
1359 32767
1360 32767
1361 32767
1362 32767
1363 32767
1364 32767
1365 32767
1366 32767
1367 -32768
1368 -32768
1369 -32768
1370 -32768
1371 -32768
1372 -32768
1373 -32768
1374 -32768
1375 32767
1376 32767
1377 32767
1378 32767
1379 32767
1380 32767
1381 32767
1382 32767
1383 -32768
1384 -32768
1385 -32768
1386 -32768
1387 -32768
1388 -32768
1389 -32768
1390 -32768
1391 32767
1392 32767
1393 32767
1394 32767
1395 32767
1396 32767
1397 32767
1398 32767
1399 -32768
1400 -32768
1401 -32768
1402 -32768
1403 -32768
1404 -32768
1405 -32768
1406 -32768
1407 32767
1408 32767
1409 32767
1410 32767
1411 32767
1412 32767
1413 32767
1414 32767
1415 -32768
1416 -32768
1417 -32768
1418 -32768
1419 -32768
1420 -32768
1421 -32768
1422 -32768
1423 32767
1424 32767
1425 32767
1426 32767
1427 32767
1428 32767
1429 32767
1430 32767
1431 -32768
1432 -32768
1433 -32768
1434 -32768
1435 -32768
1436 -32768
1437 -32768
1438 -32768
1439 32767
1440 32767
1441 32767
1442 32767
1443 32767
1444 32767
1445 32767
1446 32767
1447 -32768
1448 -32768
1449 -32768
1450 -32768
1451 -32768
1452 -32768
1453 -32768
1454 -32768
1455 32767
1456 32767
1457 32767
1458 32767
1459 32767
1460 32767
1461 32767
1462 32767
1463 -32768
1464 -32768
1465 -32768
1466 -32768
1467 -32768
1468 -32768
1469 -32768
1470 -32768
1471 32767
1472 32767
1473 32767
1474 32767
1475 32767
1476 32767
1477 32767
1478 32767
1479 -32768
1480 -32768
1481 -32768
1482 -32768
1483 -32768
1484 -32768
1485 -32768
1486 -32768
1487 32767
1488 32767
1489 32767
1490 32767
1491 32767
1492 32767
1493 32767
1494 32767
1495 -32768
1496 -32768
1497 -32768
1498 -32768
1499 -32768
1500 -32768
1501 -32768
1502 -32768
1503 32767
1504 32767
1505 32767
1506 32767
1507 32767
1508 32767
1509 32767
1510 32767
1511 -32768
1512 -32768
1513 -32768
1514 -32768
1515 -32768
1516 -32768
1517 -32768
1518 -32768
1519 32767
1520 32767
1521 32767
1522 32767
1523 32767
1524 32767
1525 32767
1526 32767
1527 -32768
1528 -32768
1529 -32768
1530 -32768
1531 -32768
1532 -32768
1533 -32768
1534 -32768
1535 32767
1536 32767
1537 32767
1538 32767
1539 32767
1540 32767
1541 32767
1542 32767
1543 -32768
1544 -32768
1545 -32768
1546 -32768
1547 -32768
1548 -32768
1549 -32768
1550 -32768
1551 32767
1552 32767
1553 32767
1554 32767
1555 32767
1556 32767
1557 32767
1558 32767
1559 -32768
1560 -32768
1561 -32768
1562 -32768
1563 -32768
1564 -32768
1565 -32768
1566 -32768
1567 32767
1568 32767
1569 32767
1570 32767
1571 32767
1572 32767
1573 32767
1574 32767
1575 -32768
1576 -32768
1577 -32768
1578 -32768
1579 -32768
1580 -32768
1581 -32768
1582 -32768
1583 32767
1584 32767
1585 32767
1586 32767
1587 32767
1588 32767
1589 32767
1590 32767
1591 -32768
1592 -32768
1593 -32768
1594 -32768
1595 -32768
1596 -32768
1597 -32768
1598 -32768
1599 32767
1600 32767
1601 32767
1602 32767
1603 32767
1604 32767
1605 32767
1606 32767
1607 -32768
1608 -32768
1609 -32768
1610 -32768
1611 -32768
1612 -32768
1613 -32768
1614 -32768
1615 32767
1616 32767
1617 32767
1618 32767
1619 32767
1620 32767
1621 32767
1622 32767
1623 -32768
1624 -32768
1625 -32768
1626 -32768
1627 -32768
1628 -32768
1629 -32768
1630 -32768
1631 32767
1632 32767
1633 32767
1634 32767
1635 32767
1636 32767
1637 32767
1638 32767
1639 -32768
1640 -32768
1641 -32768
1642 -32768
1643 -32768
1644 -32768
1645 -32768
1646 -32768
1647 32767
1648 32767
1649 32767
1650 32767
1651 32767
1652 32767
1653 32767
1654 32767
1655 -32768
1656 -32768
1657 -32768
1658 -32768
1659 -32768
1660 -32768
1661 -32768
1662 -32768
1663 32767
1664 32767
1665 32767
1666 32767
1667 32767
1668 32767
1669 32767
1670 32767
1671 -32768
1672 -32768
1673 -32768
1674 -32768
1675 -32768
1676 -32768
1677 -32768
1678 -32768
1679 32767
1680 32767
1681 32767
1682 32767
1683 32767
1684 32767
1685 32767
1686 32767
1687 -32768
1688 -32768
1689 -32768
1690 -32768
1691 -32768
1692 -32768
1693 -32768
1694 -32768
1695 32767
1696 32767
1697 32767
1698 32767
1699 32767
1700 32767
1701 32767
1702 32767
1703 -32768
1704 -32768
1705 -32768
1706 -32768
1707 -32768
1708 -32768
1709 -32768
1710 -32768
1711 32767
1712 32767
1713 32767
1714 32767
1715 32767
1716 32767
1717 32767
1718 32767
1719 -32768
1720 -32768
1721 -32768
1722 -32768
1723 -32768
1724 -32768
1725 -32768
1726 -32768
1727 32767
1728 32767
1729 32767
1730 32767
1731 32767
1732 32767
1733 32767
1734 32767
1735 -32768
1736 -32768
1737 -32768
1738 -32768
1739 -32768
1740 -32768
1741 -32768
1742 -32768
1743 32767
1744 32767
1745 32767
1746 32767
1747 32767
1748 32767
1749 32767
1750 32767
1751 -32768
1752 -32768
1753 -32768
1754 -32768
1755 -32768
1756 -32768
1757 -32768
1758 -32768
1759 32767
1760 32767
1761 32767
1762 32767
1763 32767
1764 32767
1765 32767
1766 32767
1767 -32768
1768 -32768
1769 -32768
1770 -32768
1771 -32768
1772 -32768
1773 -32768
1774 -32768
1775 32767
1776 32767
1777 32767
1778 32767
1779 32767
1780 32767
1781 32767
1782 32767
1783 -32768
1784 -32768
1785 -32768
1786 -32768
1787 -32768
1788 -32768
1789 -32768
1790 -32768
1791 32767
1792 32767
1793 32767
1794 32767
1795 32767
1796 32767
1797 32767
1798 32767
1799 -32768
1800 -32768
1801 -32768
1802 -32768
1803 -32768
1804 -32768
1805 -32768
1806 -32768
1807 32767
1808 32767
1809 32767
1810 32767
1811 32767
1812 32767
1813 32767
1814 32767
1815 -32768
1816 -32768
1817 -32768
1818 -32768
1819 -32768
1820 -32768
1821 -32768
1822 -32768
1823 32767
1824 32767
1825 32767
1826 32767
1827 32767
1828 32767
1829 32767
1830 32767
1831 -32768
1832 -32768
1833 -32768
1834 -32768
1835 -32768
1836 -32768
1837 -32768
1838 -32768
1839 32767
1840 32767
1841 32767
1842 32767
1843 32767
1844 32767
1845 32767
1846 32767
1847 -32768
1848 -32768
1849 -32768
1850 -32768
1851 -32768
1852 -32768
1853 -32768
1854 -32768
1855 32767
1856 32767
1857 32767
1858 32767
1859 32767
1860 32767
1861 32767
1862 32767
1863 -32768
1864 -32768
1865 -32768
1866 -32768
1867 -32768
1868 -32768
1869 -32768
1870 -32768
1871 32767
1872 32767
1873 32767
1874 32767
1875 32767
1876 32767
1877 32767
1878 32767
1879 -32768
1880 -32768
1881 -32768
1882 -32768
1883 -32768
1884 -32768
1885 -32768
1886 -32768
1887 32767
1888 32767
1889 32767
1890 32767
1891 32767
1892 32767
1893 32767
1894 32767
1895 -32768
1896 -32768
1897 -32768
1898 -32768
1899 -32768
1900 -32768
1901 -32768
1902 -32768
1903 32767
1904 32767
1905 32767
1906 32767
1907 32767
1908 32767
1909 32767
1910 32767
1911 -32768
1912 -32768
1913 -32768
1914 -32768
1915 -32768
1916 -32768
1917 -32768
1918 -32768
1919 32767
1920 32767
1921 32767
1922 32767
1923 32767
1924 32767
1925 32767
1926 32767
1927 -32768
1928 -32768
1929 -32768
1930 -32768
1931 -32768
1932 -32768
1933 -32768
1934 -32768
1935 32767
1936 32767
1937 32767
1938 32767
1939 32767
1940 32767
1941 32767
1942 32767
1943 -32768
1944 -32768
1945 -32768
1946 -32768
1947 -32768
1948 -32768
1949 -32768
1950 -32768
1951 32767
1952 32767
1953 32767
1954 32767
1955 32767
1956 32767
1957 32767
1958 32767
1959 -32768
1960 -32768
1961 -32768
1962 -32768
1963 -32768
1964 -32768
1965 -32768
1966 -32768
1967 32767
1968 32767
1969 32767
1970 32767
1971 32767
1972 32767
1973 32767
1974 32767
1975 -32768
1976 -32768
1977 -32768
1978 -32768
1979 -32768
1980 -32768
1981 -32768
1982 -32768
1983 32767
1984 32767
1985 32767
1986 32767
1987 32767
1988 32767
1989 32767
1990 32767
1991 -32768
1992 -32768
1993 -32768
1994 -32768
1995 -32768
1996 -32768
1997 -32768
1998 -32768
1999 32767
2000 32767
2001 32767
2002 32767
2003 32767
2004 32767
2005 32767
2006 32767
2007 -32768
2008 -32768
2009 -32768
2010 -32768
2011 -32768
2012 -32768
2013 -32768
2014 -32768
2015 32767
2016 32767
2017 32767
2018 32767
2019 32767
2020 32767
2021 32767
2022 32767
2023 -32768
2024 -32768
2025 -32768
2026 -32768
2027 -32768
2028 -32768
2029 -32768
2030 -32768
2031 32767
2032 32767
2033 32767
2034 32767
2035 32767
2036 32767
2037 32767
2038 32767
2039 -32768
2040 -32768
2041 -32768
2042 -32768
2043 -32768
2044 -32768
2045 -32768
2046 -32768
2047 32767
2048 32767
2049 32767
2050 32767
2051 32767
2052 32767
2053 32767
2054 32767
2055 -32768
2056 -32768
2057 -32768
2058 -32768
2059 -32768
2060 -32768
2061 -32768
2062 -32768
2063 32767
2064 32767
2065 32767
2066 32767
2067 32767
2068 32767
2069 32767
2070 32767
2071 -32768
2072 -32768
2073 -32768
2074 -32768
2075 -32768
2076 -32768
2077 -32768
2078 -32768
2079 32767
2080 32767
2081 32767
2082 32767
2083 32767
2084 32767
2085 32767
2086 32767
2087 -32768
2088 -32768
2089 -32768
2090 -32768
2091 -32768
2092 -32768
2093 -32768
2094 -32768
2095 32767
2096 32767
2097 32767
2098 32767
2099 32767
2100 32767
2101 32767
2102 32767
2103 -32768
2104 -32768
2105 -32768
2106 -32768
2107 -32768
2108 -32768
2109 -32768
2110 -32768
2111 32767
2112 32767
2113 32767
2114 32767
2115 32767
2116 32767
2117 32767
2118 32767
2119 -32768
2120 -32768
2121 -32768
2122 -32768
2123 -32768
2124 -32768
2125 -32768
2126 -32768
2127 32767
2128 32767
2129 32767
2130 32767
2131 32767
2132 32767
2133 32767
2134 32767
2135 -32768
2136 -32768
2137 -32768
2138 -32768
2139 -32768
2140 -32768
2141 -32768
2142 -32768
2143 -32768
2144 -32768
2145 -32768
2146 -32768
2147 -32768
2148 -32768
2149 -32768
2150 -32768
2151 -32768
2152 -32768
2153 -32768
2154 -32768
2155 -32768
2156 -32768
2157 -32768
2158 -32768
2159 -32768
2160 -32768
2161 -32768
2162 -32768
2163 32767
2164 32767
2165 32767
2166 32767
2167 32767
2168 32767
2169 32767
2170 32767
2171 -32768
2172 -32768
2173 -32768
2174 -32768
2175 -32768
2176 -32768
2177 32767
2178 32767
2179 32767
2180 32767
2181 32767
2182 32767
2183 32767
2184 -32768
2185 -32768
2186 -32768
2187 -32768
2188 -32768
2189 -32768
2190 -32768
2191 -32768
2192 -32768
2193 -32768
2194 -32768
2195 -32768
2196 -32768
2197 -32768
2198 -32768
2199 -32768
2200 -32768
2201 -32768
2202 -32768
2203 -32768
2204 -32768
2205 -32768
2206 -32768
2207 -32768
2208 -32768
2209 -32768
2210 32767
2211 32767
2212 32767
2213 32767
2214 -32768
2215 -32768
2216 -32768
2217 -32768
2218 32767
2219 -32768
2220 32767
2221 32767
2222 32767
2223 32767
2224 32767
2225 32767
2226 32767
2227 32767
2228 32767
2229 32767
2230 32767
2231 32767
2232 32767
2233 32767
2234 32767
2235 32767
2236 -32768
2237 -32768
2238 -32768
2239 -32768
2240 -32768
2241 -32768
2242 -32768
2243 -32768
2244 -32768
2245 -32768
2246 -32768
2247 -32768
2248 -32768
2249 -32768
2250 -32768
2251 -32768
2252 -32768
2253 -32768
2254 32767
2255 32767
2256 32767
2257 32767
2258 32767
2259 32767
2260 -32768
2261 -32768
2262 -32768
2263 -32768
2264 -32768
2265 -32768
2266 -32768
2267 -32768
2268 -32768
2269 -32768
2270 -32768
2271 32767
2272 32767
2273 32767
2274 32767
2275 32767
2276 -32768
2277 -32768
2278 -32768
2279 -32768
2280 -32768
2281 -32768
2282 32767
2283 32767
2284 32767
2285 32767
2286 32767
2287 32767
2288 32767
2289 32767
2290 32767
2291 -32768
2292 -32768
2293 -32768
2294 -32768
2295 -32768
2296 -32768
2297 -32768
2298 -32768
2299 -32768
2300 -32768
2301 -32768
2302 -32768
2303 -32768
2304 -32768
2305 -32768
2306 -32768
2307 -32768
2308 -32768
2309 -32768
2310 -32768
2311 -32768
2312 -32768
2313 -32768
2314 -32768
2315 -32768
2316 32767
2317 32767
2318 32767
2319 32767
2320 32767
2321 32767
2322 32767
2323 32767
2324 32767
2325 32767
2326 -32768
2327 -32768
2328 -32768
2329 -32768
2330 -32768
2331 -32768
2332 32767
2333 32767
2334 32767
2335 32767
2336 -32768
2337 -32768
2338 -32768
2339 -32768
2340 -32768
2341 -32768
2342 -32768
2343 -32768
2344 -32768
2345 -32768
2346 -32768
2347 -32768
2348 -32768
2349 -32768
2350 -32768
2351 -32768
2352 -32768
2353 -32768
2354 -32768
2355 -32768
2356 -32768
2357 -32768
2358 -32768
2359 -32768
2360 -32768
2361 -32768
2362 -32768
2363 -32768
2364 -32768
2365 -32768
2366 32767
2367 32767
2368 32767
2369 32767
2370 32767
2371 32767
2372 32767
2373 32767
2374 32767
2375 32767
2376 -32768
2377 -32768
2378 -32768
2379 -32768
2380 -32768
2381 -32768
2382 -32768
2383 -32768
2384 -32768
2385 -32768
2386 32767
2387 32767
2388 32767
2389 32767
2390 32767
2391 32767
2392 32767
2393 32767
2394 32767
2395 -32768
2396 -32768
2397 -32768
2398 -32768
2399 -32768
2400 -32768
2401 -32768
2402 -32768
2403 -32768
2404 -32768
2405 -32768
2406 32767
2407 32767
2408 32767
2409 32767
2410 -32768
2411 -32768
2412 -32768
2413 -32768
2414 -32768
2415 -32768
2416 -32768
2417 -32768
2418 -32768
2419 -32768
2420 -32768
2421 -32768
2422 -32768
2423 -32768
2424 -32768
2425 -32768
2426 -32768
2427 32767
2428 32767
2429 32767
2430 32767
2431 32767
2432 32767
2433 32767
2434 32767
2435 32767
2436 32767
2437 32767
2438 32767
2439 32767
2440 -32768
2441 -32768
2442 -32768
2443 -32768
2444 -32768
2445 -32768
2446 -32768
2447 -32768
2448 -32768
2449 32767
2450 32767
2451 32767
2452 32767
2453 32767
2454 32767
2455 32767
2456 -32768
2457 -32768
2458 -32768
2459 -32768
2460 -32768
2461 -32768
2462 -32768
2463 -32768
2464 -32768
2465 32767
2466 32767
2467 32767
2468 32767
2469 32767
2470 32767
2471 -32768
2472 -32768
2473 -32768
2474 -32768
2475 -32768
2476 -32768
2477 -32768
2478 32767
2479 32767
2480 32767
2481 32767
2482 32767
2483 32767
2484 32767
2485 -32768
2486 -32768
2487 -32768
2488 -32768
2489 -32768
2490 -32768
2491 32767
2492 32767
2493 32767
2494 32767
2495 32767
2496 32767
2497 32767
2498 32767
2499 32767
2500 32767
2501 32767
2502 32767
2503 32767
2504 32767
2505 32767
2506 32767
2507 32767
2508 -32768
2509 -32768
2510 -32768
2511 -32768
2512 -32768
2513 -32768
2514 -32768
2515 -32768
2516 -32768
2517 32767
2518 32767
2519 32767
2520 32767
2521 -32768
2522 -32768
2523 -32768
2524 -32768
2525 -32768
2526 -32768
2527 -32768
2528 -32768
2529 32767
2530 32767
2531 32767
2532 32767
2533 -32768
2534 -32768
2535 -32768
2536 -32768
2537 -32768
2538 -32768
2539 -32768
2540 -32768
2541 -32768
2542 -32768
2543 -32768
2544 -32768
2545 -32768
2546 -32768
2547 -32768
2548 -32768
2549 -32768
2550 -32768
2551 -32768
2552 -32768
2553 -32768
2554 32767
2555 32767
2556 32767
2557 32767
2558 32767
2559 32767
2560 32767
2561 32767
2562 32767
2563 32767
2564 32767
2565 32767
2566 32767
2567 32767
2568 32767
2569 32767
2570 -32768
2571 -32768
2572 -32768
2573 -32768
2574 -32768
2575 -32768
2576 -32768
2577 -32768
2578 -32768
2579 -32768
2580 -32768
2581 -32768
2582 -32768
2583 -32768
2584 32767
2585 32767
2586 32767
2587 32767
2588 32767
2589 32767
2590 -32768
2591 -32768
2592 -32768
2593 -32768
2594 -32768
2595 -32768
2596 -32768
2597 32767
2598 32767
2599 32767
2600 32767
2601 32767
2602 32767
2603 32767
2604 -32768
2605 -32768
2606 -32768
2607 -32768
2608 -32768
2609 -32768
2610 -32768
2611 -32768
2612 -32768
2613 -32768
2614 -32768
2615 -32768
2616 -32768
2617 -32768
2618 -32768
2619 -32768
2620 -32768
2621 -32768
2622 32767
2623 32767
2624 32767
2625 32767
2626 32767
2627 32767
2628 32767
2629 32767
2630 32767
2631 32767
2632 32767
2633 32767
2634 32767
2635 32767
2636 32767
2637 32767
2638 32767
2639 32767
2640 -32768
2641 -32768
2642 -32768
2643 -32768
2644 -32768
2645 32767
2646 32767
2647 32767
2648 32767
2649 32767
2650 32767
2651 32767
2652 -32768
2653 -32768
2654 -32768
2655 -32768
2656 -32768
2657 -32768
2658 -32768
2659 -32768
2660 -32768
2661 -32768
2662 -32768
2663 -32768
2664 -32768
2665 -32768
2666 -32768
2667 -32768
2668 -32768
2669 -32768
2670 -32768
2671 -32768
2672 -32768
2673 -32768
2674 -32768
2675 -32768
2676 -32768
2677 32767
2678 32767
2679 32767
2680 -32768
2681 -32768
2682 -32768
2683 -32768
2684 -32768
2685 -32768
2686 32767
2687 32767
2688 32767
2689 32767
2690 32767
2691 32767
2692 32767
2693 32767
2694 32767
2695 32767
2696 32767
2697 32767
2698 32767
2699 32767
2700 32767
2701 32767
2702 32767
2703 32767
2704 32767
2705 32767
2706 32767
2707 32767
2708 32767
2709 32767
2710 32767
2711 32767
2712 32767
2713 32767
2714 32767
2715 32767
2716 32767
2717 32767
2718 32767
2719 32767
2720 32767
2721 32767
2722 32767
2723 32767
2724 32767
2725 32767
2726 32767
2727 32767
2728 32767
2729 32767
2730 32767
2731 32767
2732 32767
2733 32767
2734 32767
2735 32767
2736 32767
2737 32767
2738 32767
2739 32767
2740 32767
2741 32767
2742 32767
2743 32767
2744 32767
2745 32767
2746 32767
2747 32767
2748 32767
2749 32767
2750 32767
2751 32767
2752 32767
2753 32767
2754 32767
2755 32767
2756 32767
2757 32767
2758 32767
2759 32767
2760 32767
2761 32767
2762 32767
2763 32767
2764 32767
2765 32767
2766 32767
2767 32767
2768 32767
2769 32767
2770 32767
2771 32767
2772 32767
2773 32767
2774 32767
2775 32767
2776 32767
2777 32767
2778 32767
2779 32767
2780 32767
2781 32767
2782 32767
2783 32767
2784 32767
2785 32767
2786 32767
2787 32767
2788 32767
2789 32767
2790 32767
2791 32767
2792 32767
2793 32767
2794 32767
2795 32767
2796 32767
2797 32767
2798 32767
2799 32767
2800 32767
2801 32767
2802 32767
2803 32767
2804 32767
2805 32767
2806 32767
2807 32767
2808 32767
2809 32767
2810 32767
2811 32767
2812 32767
2813 32767
2814 32767
2815 32767
2816 32767
2817 32767
2818 32767
2819 32767
2820 32767
2821 32767
2822 32767
2823 32767
2824 32767
2825 32767
2826 32767
2827 32767
2828 32767
2829 32767
2830 32767
2831 32767
2832 32767
2833 32767
2834 32767
2835 32767
2836 32767
2837 32767
2838 32767
2839 32767
2840 32767
2841 32767
2842 32767
2843 32767
2844 32767
2845 32767
2846 32767
2847 32767
2848 32767
2849 32767
2850 32767
2851 32767
2852 32767
2853 32767
2854 32767
2855 32767
2856 32767
2857 32767
2858 32767
2859 32767
2860 32767
2861 32767
2862 32767
2863 32767
2864 32767
2865 32767
2866 32767
2867 32767
2868 32767
2869 32767
2870 32767
2871 32767
2872 32767
2873 32767
2874 32767
2875 32767
2876 32767
2877 32767
2878 32767
2879 32767
2880 32767
2881 32767
2882 32767
2883 32767
2884 32767
2885 32767
2886 32767
2887 32767
2888 32767
2889 32767
2890 32767
2891 32767
2892 32767
2893 32767
2894 32767
2895 32767
2896 32767
2897 32767
2898 32767
2899 32767
2900 32767
2901 32767
2902 32767
2903 32767
2904 32767
2905 32767
2906 32767
2907 32767
2908 32767
2909 32767
2910 32767
2911 32767
2912 32767
2913 32767
2914 32767
2915 32767
2916 32767
2917 32767
2918 32767
2919 32767
2920 32767
2921 32767
2922 32767
2923 32767
2924 32767
2925 32767
2926 32767
2927 32767
2928 32767
2929 32767
2930 32767
2931 -32768
2932 -32768
2933 -32768
2934 -32768
2935 -32768
2936 32767
2937 32767
2938 32767
2939 32767
2940 32767
2941 0
2942 0
2943 0
2944 0
2945 0
2946 0
2947 0
2948 0
2949 0
2950 0
2951 0
2952 0
2953 0
2954 0
2955 0
2956 0
2957 0
2958 0
2959 0
2960 0
2961 0
2962 0
2963 0
2964 0
2965 0
2966 0
2967 0
2968 0
2969 0
2970 0
2971 0
2972 0
2973 0
2974 0
2975 0
2976 0
2977 0
2978 0
2979 0
2980 0
2981 0
2982 0
2983 0
2984 0
2985 0
2986 0
2987 0
2988 0
2989 0
2990 0
2991 0
2992 0
2993 0
2994 0
2995 0
2996 0
2997 0
2998 0
2999 0
3000 0
3001 0
3002 0
3003 0
3004 0
3005 0
3006 0
3007 0
3008 0
3009 0
3010 0
3011 0
3012 0
3013 0
3014 0
3015 0
3016 0
3017 0
3018 0
3019 0
3020 0
3021 0
3022 0
3023 0
3024 0
3025 0
3026 0
3027 0
3028 0
3029 0
3030 0
3031 0
3032 0
3033 0
3034 0
3035 0
3036 0
3037 0
3038 0
3039 0
3040 0
3041 0
3042 0
3043 0
3044 0
3045 0
3046 0
3047 0
3048 0
3049 0
3050 0
3051 0
3052 0
3053 0
3054 0
3055 0
3056 0
3057 0
3058 0
3059 0
3060 0
3061 0
3062 0
3063 0
3064 0
3065 0
3066 0
3067 0
3068 0
3069 0
3070 0
3071 0
3072 0
3073 0
3074 0
3075 0
3076 0
3077 0
3078 0
3079 0
3080 0
3081 0
3082 0
3083 0
3084 0
3085 0
3086 0
3087 0
3088 0
3089 0
3090 0
3091 0
3092 0
3093 0
3094 0
3095 0
3096 0
3097 0
3098 0
3099 0
3100 0
3101 0
3102 0
3103 0
3104 0
3105 0
3106 0
3107 0
3108 0
3109 0
3110 0
3111 0
3112 0
3113 0
3114 0
3115 0
3116 0
3117 0
3118 0
3119 0
3120 0
3121 0
3122 0
3123 0
3124 0
3125 0
3126 0
3127 0
3128 0
3129 0
3130 0
3131 0
3132 0
3133 0
3134 0
3135 0
3136 0
3137 0
3138 32767
3139 32767
3140 32767
3141 32767
3142 32767
3143 32767
3144 32767
3145 32767
3146 32767
3147 32767
3148 32767
3149 32767
3150 32767
3151 32767
3152 0
3153 -32768
3154 -32768
3155 -32768
3156 -32768
3157 -32768
3158 -32768
3159 -32768
3160 -32768
3161 -32768
3162 -32768
3163 -32768
3164 -32768
3165 -32768
3166 -32768
3167 -32768
3168 -32768
3169 -32768
3170 -32768
3171 -32768
3172 -32768
3173 -32768
3174 -32768
3175 -32768
3176 -32768
3177 -32768
3178 -32768
3179 -32768
3180 -32768
3181 -32768
3182 -32768
3183 -32768
3184 0
3185 32767
3186 32767
3187 32767
3188 32767
3189 32767
3190 32767
3191 32767
3192 32767
3193 32767
3194 32767
3195 32767
3196 32767
3197 32767
3198 32767
3199 32767
3200 32767
3201 32767
3202 32767
3203 32767
3204 32767
3205 32767
3206 32767
3207 32767
3208 32767
3209 32767
3210 32767
3211 32767
3212 32767
3213 32767
3214 32767
3215 32767
3216 0
3217 -32768
3218 -32768
3219 -32768
3220 -32768
3221 -32768
3222 -32768
3223 -32768
3224 -32768
3225 -32768
3226 -32768
3227 -32768
3228 -32768
3229 -32768
3230 -32768
3231 -32768
3232 -32768
3233 -32768
3234 -32768
3235 -32768
3236 -32768
3237 -32768
3238 -32768
3239 -32768
3240 -32768
3241 -32768
3242 -32768
3243 -32768
3244 -32768
3245 -32768
3246 -32768
3247 -32768
3248 0
3249 32767
3250 32767
3251 32767
3252 32767
3253 32767
3254 32767
3255 32767
3256 32767
3257 32767
3258 32767
3259 32767
3260 32767
3261 32767
3262 32767
3263 32767
3264 32767
3265 32767
3266 32767
3267 32767
3268 32767
3269 32767
3270 32767
3271 32767
3272 32767
3273 32767
3274 32767
3275 32767
3276 32767
3277 32767
3278 32767
3279 32767
3280 0
3281 -32768
3282 -32768
3283 -32768
3284 -32768
3285 -32768
3286 -32768
3287 -32768
3288 -32768
3289 -32768
3290 -32768
3291 -32768
3292 -32768
3293 -32768
3294 -32768
3295 -32768
3296 -32768
3297 -32768
3298 -32768
3299 -32768
3300 -32768
3301 -32768
3302 -32768
3303 -32768
3304 -32768
3305 -32768
3306 -32768
3307 -32768
3308 -32768
3309 -32768
3310 -32768
3311 -32768
3312 0
3313 32767
3314 32767
3315 32767
3316 32767
3317 32767
3318 32767
3319 32767
3320 32767
3321 32767
3322 32767
3323 32767
3324 32767
3325 32767
3326 32767
3327 32767
3328 32767
3329 32767
3330 32767
3331 32767
3332 32767
3333 32767
3334 32767
3335 32767
3336 32767
3337 32767
3338 32767
3339 32767
3340 32767
3341 32767
3342 32767
3343 32767
3344 0
3345 -32768
3346 -32768
3347 -32768
3348 -32768
3349 -32768
3350 -32768
3351 -32768
3352 -32768
3353 -32768
3354 -32768
3355 -32768
3356 -32768
3357 -32768
3358 -32768
3359 -32768
3360 -32768
3361 -32768
3362 -32768
3363 -32768
3364 -32768
3365 -32768
3366 -32768
3367 -32768
3368 -32768
3369 -32768
3370 -32768
3371 -32768
3372 -32768
3373 -32768
3374 -32768
3375 -32768
3376 0
3377 32767
3378 32767
3379 32767
3380 32767
3381 32767
3382 32767
3383 32767
3384 32767
3385 32767
3386 32767
3387 32767
3388 32767
3389 32767
3390 32767
3391 32767
3392 32767
3393 32767
3394 32767
3395 32767
3396 32767
3397 32767
3398 32767
3399 32767
3400 32767
3401 32767
3402 32767
3403 32767
3404 32767
3405 32767
3406 32767
3407 32767
3408 0
3409 -32768
3410 -32768
3411 -32768
3412 -32768
3413 -32768
3414 -32768
3415 -32768
3416 -32768
3417 -32768
3418 -32768
3419 -32768
3420 -32768
3421 -32768
3422 -32768
3423 -32768
3424 -32768
3425 -32768
3426 -32768
3427 -32768
3428 -32768
3429 -32768
3430 -32768
3431 -32768
3432 -32768
3433 -32768
3434 -32768
3435 -32768
3436 -32768
3437 -32768
3438 -32768
3439 -32768
3440 0
3441 32767
3442 32767
3443 32767
3444 32767
3445 32767
3446 32767
3447 32767
3448 32767
3449 32767
3450 32767
3451 32767
3452 32767
3453 32767
3454 32767
3455 32767
3456 32767
3457 32767
3458 32767
3459 32767
3460 32767
3461 32767
3462 32767
3463 32767
3464 32767
3465 32767
3466 32767
3467 32767
3468 32767
3469 32767
3470 32767
3471 32767
3472 0
3473 -32768
3474 -32768
3475 -32768
3476 -32768
3477 -32768
3478 -32768
3479 -32768
3480 -32768
3481 -32768
3482 -32768
3483 -32768
3484 -32768
3485 -32768
3486 -32768
3487 -32768
3488 -32768
3489 -32768
3490 -32768
3491 -32768
3492 -32768
3493 -32768
3494 -32768
3495 -32768
3496 -32768
3497 -32768
3498 -32768
3499 -32768
3500 -32768
3501 -32768
3502 -32768
3503 -32768
3504 0
3505 32767
3506 32767
3507 32767
3508 32767
3509 32767
3510 32767
3511 32767
3512 32767
3513 32767
3514 32767
3515 32767
3516 32767
3517 32767
3518 32767
3519 32767
3520 32767
3521 32767
3522 32767
3523 32767
3524 32767
3525 32767
3526 32767
3527 32767
3528 32767
3529 32767
3530 32767
3531 32767
3532 32767
3533 32767
3534 32767
3535 32767
3536 0
3537 -32768
3538 -32768
3539 -32768
3540 -32768
3541 -32768
3542 -32768
3543 -32768
3544 -32768
3545 -32768
3546 -32768
3547 -32768
3548 -32768
3549 -32768
3550 -32768
3551 -32768
3552 -32768
3553 -32768
3554 -32768
3555 -32768
3556 -32768
3557 -32768
3558 -32768
3559 -32768
3560 -32768
3561 -32768
3562 -32768
3563 -32768
3564 -32768
3565 -32768
3566 -32768
3567 -32768
3568 0
3569 32767
3570 32767
3571 32767
3572 32767
3573 32767
3574 32767
3575 32767
3576 32767
3577 32767
3578 32767
3579 32767
3580 32767
3581 32767
3582 32767
3583 32767
3584 32767
3585 32767
3586 32767
3587 32767
3588 32767
3589 32767
3590 32767
3591 32767
3592 32767
3593 32767
3594 32767
3595 32767
3596 32767
3597 32767
3598 32767
3599 32767
3600 0
3601 -32768
3602 -32768
3603 -32768
3604 -32768
3605 -32768
3606 -32768
3607 -32768
3608 -32768
3609 -32768
3610 -32768
3611 -32768
3612 -32768
3613 -32768
3614 -32768
3615 -32768
3616 -32768
3617 -32768
3618 -32768
3619 -32768
3620 -32768
3621 -32768
3622 -32768
3623 -32768
3624 -32768
3625 -32768
3626 -32768
3627 -32768
3628 -32768
3629 -32768
3630 -32768
3631 -32768
3632 0
3633 32767
3634 32767
3635 32767
3636 32767
3637 32767
3638 32767
3639 32767
3640 32767
3641 32767
3642 32767
3643 32767
3644 32767
3645 32767
3646 32767
3647 32767
3648 32767
3649 32767
3650 32767
3651 32767
3652 32767
3653 32767
3654 32767
3655 32767
3656 32767
3657 32767
3658 32767
3659 32767
3660 32767
3661 32767
3662 32767
3663 32767
3664 0
3665 -32768
3666 -32768
3667 -32768
3668 -32768
3669 -32768
3670 -32768
3671 -32768
3672 -32768
3673 -32768
3674 -32768
3675 -32768
3676 -32768
3677 -32768
3678 -32768
3679 -32768
3680 -32768
3681 -32768
3682 -32768
3683 -32768
3684 -32768
3685 -32768
3686 -32768
3687 -32768
3688 -32768
3689 -32768
3690 -32768
3691 -32768
3692 -32768
3693 -32768
3694 -32768
3695 -32768
3696 0
3697 32767
3698 32767
3699 32767
3700 32767
3701 32767
3702 32767
3703 32767
3704 32767
3705 32767
3706 32767
3707 32767
3708 32767
3709 32767
3710 32767
3711 32767
3712 32767
3713 32767
3714 32767
3715 32767
3716 32767
3717 32767
3718 32767
3719 32767
3720 32767
3721 32767
3722 32767
3723 32767
3724 32767
3725 32767
3726 32767
3727 32767
3728 0
3729 -32768
3730 -32768
3731 -32768
3732 -32768
3733 -32768
3734 -32768
3735 -32768
3736 -32768
3737 -32768
3738 -32768
3739 -32768
3740 -32768
3741 -32768
3742 -32768
3743 -32768
3744 -32768
3745 -32768
3746 -32768
3747 -32768
3748 -32768
3749 -32768
3750 -32768
3751 -32768
3752 -32768
3753 -32768
3754 -32768
3755 -32768
3756 -32768
3757 -32768
3758 -32768
3759 -32768
3760 0
3761 32767
3762 32767
3763 32767
3764 32767
3765 32767
3766 32767
3767 32767
3768 32767
3769 32767
3770 32767
3771 32767
3772 32767
3773 32767
3774 32767
3775 32767
3776 32767
3777 32767
3778 32767
3779 32767
3780 32767
3781 32767
3782 32767
3783 32767
3784 32767
3785 32767
3786 32767
3787 32767
3788 32767
3789 32767
3790 32767
3791 32767
3792 0
3793 -32768
3794 -32768
3795 -32768
3796 -32768
3797 -32768
3798 -32768
3799 -32768
3800 -32768
3801 -32768
3802 -32768
3803 -32768
3804 -32768
3805 -32768
3806 -32768
3807 -32768
3808 -32768
3809 -32768
3810 -32768
3811 -32768
3812 -32768
3813 -32768
3814 -32768
3815 -32768
3816 -32768
3817 -32768
3818 -32768
3819 -32768
3820 -32768
3821 -32768
3822 -32768
3823 -32768
3824 0
3825 32767
3826 32767
3827 32767
3828 32767
3829 32767
3830 32767
3831 32767
3832 32767
3833 32767
3834 32767
3835 32767
3836 32767
3837 32767
3838 32767
3839 32767
3840 32767
3841 32767
3842 32767
3843 32767
3844 32767
3845 32767
3846 32767
3847 32767
3848 32767
3849 32767
3850 32767
3851 32767
3852 32767
3853 32767
3854 32767
3855 32767
3856 0
3857 -32768
3858 -32768
3859 -32768
3860 -32768
3861 -32768
3862 -32768
3863 -32768
3864 -32768
3865 -32768
3866 -32768
3867 -32768
3868 -32768
3869 -32768
3870 -32768
3871 -32768
3872 -32768
3873 -32768
3874 -32768
3875 -32768
3876 -32768
3877 -32768
3878 -32768
3879 -32768
3880 -32768
3881 -32768
3882 -32768
3883 -32768
3884 -32768
3885 -32768
3886 -32768
3887 -32768
3888 0
3889 32767
3890 32767
3891 32767
3892 32767
3893 32767
3894 32767
3895 32767
3896 32767
3897 32767
3898 32767
3899 32767
3900 32767
3901 32767
3902 32767
3903 32767
3904 32767
3905 32767
3906 32767
3907 32767
3908 32767
3909 32767
3910 32767
3911 32767
3912 32767
3913 32767
3914 32767
3915 32767
3916 32767
3917 32767
3918 32767
3919 32767
3920 0
3921 -32768
3922 -32768
3923 -32768
3924 -32768
3925 -32768
3926 -32768
3927 -32768
3928 -32768
3929 -32768
3930 -32768
3931 -32768
3932 -32768
3933 -32768
3934 -32768
3935 -32768
3936 -32768
3937 -32768
3938 -32768
3939 -32768
3940 -32768
3941 -32768
3942 -32768
3943 -32768
3944 -32768
3945 -32768
3946 -32768
3947 -32768
3948 -32768
3949 -32768
3950 -32768
3951 -32768
3952 0
3953 32767
3954 32767
3955 32767
3956 32767
3957 32767
3958 32767
3959 32767
3960 32767
3961 32767
3962 32767
3963 32767
3964 32767
3965 32767
3966 32767
3967 32767
3968 32767
3969 32767
3970 32767
3971 32767
3972 32767
3973 32767
3974 32767
3975 32767
3976 32767
3977 32767
3978 32767
3979 32767
3980 32767
3981 32767
3982 32767
3983 32767
3984 0
3985 -32768
3986 -32768
3987 -32768
3988 -32768
3989 -32768
3990 -32768
3991 -32768
3992 -32768
3993 -32768
3994 -32768
3995 -32768
3996 -32768
3997 -32768
3998 -32768
3999 -32768
4000 -32768
4001 -32768
4002 -32768
4003 -32768
4004 -32768
4005 -32768
4006 -32768
4007 -32768
4008 -32768
4009 -32768
4010 -32768
4011 -32768
4012 -32768
4013 -32768
4014 -32768
4015 -32768
4016 0
4017 32767
4018 32767
4019 32767
4020 32767
4021 32767
4022 32767
4023 32767
4024 32767
4025 32767
4026 32767
4027 32767
4028 32767
4029 32767
4030 32767
4031 32767
4032 32767
4033 32767
4034 32767
4035 32767
4036 32767
4037 32767
4038 32767
4039 32767
4040 32767
4041 32767
4042 32767
4043 32767
4044 32767
4045 32767
4046 32767
4047 32767
4048 0
4049 -32768
4050 -32768
4051 -32768
4052 -32768
4053 -32768
4054 -32768
4055 -32768
4056 -32768
4057 -32768
4058 -32768
4059 -32768
4060 -32768
4061 -32768
4062 -32768
4063 -32768
4064 -32768
4065 -32768
4066 -32768
4067 -32768
4068 -32768
4069 -32768
4070 -32768
4071 -32768
4072 -32768
4073 -32768
4074 -32768
4075 -32768
4076 -32768
4077 -32768
4078 -32768
4079 -32768
4080 0
4081 32767
4082 32767
4083 32767
4084 32767
4085 32767
4086 32767
4087 32767
4088 32767
4089 32767
4090 32767
4091 32767
4092 32767
4093 32767
4094 32767
4095 32767
4096 32767
4097 32767
4098 32767
4099 32767
4100 32767
4101 32767
4102 32767
4103 32767
4104 32767
4105 32767
4106 32767
4107 32767
4108 32767
4109 32767
4110 32767
4111 32767
4112 0
4113 -32768
4114 -32768
4115 -32768
4116 -32768
4117 -32768
4118 -32768
4119 -32768
4120 -32768
4121 -32768
4122 -32768
4123 -32768
4124 -32768
4125 -32768
4126 -32768
4127 -32768
4128 -32768
4129 -32768
4130 -32768
4131 -32768
4132 -32768
4133 -32768
4134 -32768
4135 -32768
4136 -32768
4137 -32768
4138 -32768
4139 -32768
4140 -32768
4141 -32768
4142 -32768
4143 -32768
4144 0
4145 32767
4146 32767
4147 32767
4148 32767
4149 32767
4150 32767
4151 32767
4152 32767
4153 32767
4154 32767
4155 32767
4156 32767
4157 32767
4158 32767
4159 32767
4160 32767
4161 32767
4162 32767
4163 32767
4164 32767
4165 32767
4166 32767
4167 32767
4168 32767
4169 32767
4170 32767
4171 32767
4172 32767
4173 32767
4174 32767
4175 32767
4176 0
4177 -32768
4178 -32768
4179 -32768
4180 -32768
4181 -32768
4182 -32768
4183 -32768
4184 -32768
4185 -32768
4186 -32768
4187 -32768
4188 -32768
4189 -32768
4190 -32768
4191 -32768
4192 -32768
4193 -32768
4194 -32768
4195 -32768
4196 -32768
4197 -32768
4198 -32768
4199 -32768
4200 -32768
4201 -32768
4202 -32768
4203 -32768
4204 -32768
4205 -32768
4206 -32768
4207 -32768
4208 0
4209 32767
4210 32767
4211 32767
4212 32767
4213 32767
4214 32767
4215 32767
4216 32767
4217 32767
4218 32767
4219 32767
4220 32767
4221 32767
4222 32767
4223 32767
4224 32767
4225 32767
4226 32767
4227 32767
4228 32767
4229 32767
4230 32767
4231 32767
4232 32767
4233 32767
4234 32767
4235 32767
4236 32767
4237 32767
4238 32767
4239 32767
4240 0
4241 -32768
4242 -32768
4243 -32768
4244 -32768
4245 -32768
4246 -32768
4247 -32768
4248 -32768
4249 -32768
4250 -32768
4251 -32768
4252 -32768
4253 -32768
4254 -32768
4255 -32768
4256 -32768
4257 -32768
4258 -32768
4259 -32768
4260 -32768
4261 -32768
4262 -32768
4263 -32768
4264 -32768
4265 -32768
4266 -32768
4267 -32768
4268 -32768
4269 -32768
4270 -32768
4271 -32768
4272 0
4273 32767
4274 32767
4275 32767
4276 32767
4277 32767
4278 32767
4279 32767
4280 32767
4281 32767
4282 32767
4283 32767
4284 32767
4285 32767
4286 32767
4287 32767
4288 32767
4289 32767
4290 32767
4291 32767
4292 32767
4293 32767
4294 32767
4295 32767
4296 32767
4297 32767
4298 32767
4299 32767
4300 32767
4301 32767
4302 32767
4303 32767
4304 0
4305 -32768
4306 -32768
4307 -32768
4308 -32768
4309 -32768
4310 -32768
4311 -32768
4312 -32768
4313 -32768
4314 -32768
4315 -32768
4316 -32768
4317 -32768
4318 -32768
4319 -32768
4320 -32768
4321 -32768
4322 -32768
4323 -32768
4324 -32768
4325 -32768
4326 -32768
4327 -32768
4328 -32768
4329 -32768
4330 -32768
4331 -32768
4332 -32768
4333 -32768
4334 -32768
4335 -32768
4336 0
4337 32767
4338 32767
4339 32767
4340 32767
4341 32767
4342 32767
4343 32767
4344 32767
4345 32767
4346 32767
4347 32767
4348 32767
4349 32767
4350 32767
4351 32767
4352 32767
4353 32767
4354 32767
4355 32767
4356 32767
4357 32767
4358 32767
4359 32767
4360 32767
4361 32767
4362 32767
4363 32767
4364 32767
4365 32767
4366 32767
4367 32767
4368 0
4369 -32768
4370 -32768
4371 -32768
4372 -32768
4373 -32768
4374 -32768
4375 -32768
4376 -32768
4377 -32768
4378 -32768
4379 -32768
4380 -32768
4381 -32768
4382 -32768
4383 -32768
4384 -32768
4385 -32768
4386 -32768
4387 -32768
4388 -32768
4389 -32768
4390 -32768
4391 -32768
4392 -32768
4393 -32768
4394 -32768
4395 -32768
4396 -32768
4397 -32768
4398 -32768
4399 -32768
4400 0
4401 32767
4402 32767
4403 32767
4404 32767
4405 32767
4406 32767
4407 32767
4408 32767
4409 32767
4410 32767
4411 32767
4412 32767
4413 32767
4414 32767
4415 32767
4416 32767
4417 32767
4418 32767
4419 32767
4420 32767
4421 32767
4422 32767
4423 32767
4424 32767
4425 32767
4426 32767
4427 32767
4428 32767
4429 32767
4430 32767
4431 32767
4432 0
4433 -32768
4434 -32768
4435 -32768
4436 -32768
4437 -32768
4438 -32768
4439 -32768
4440 -32768
4441 -32768
4442 -32768
4443 -32768
4444 -32768
4445 -32768
4446 -32768
4447 -32768
4448 -32768
4449 -32768
4450 -32768
4451 -32768
4452 -32768
4453 -32768
4454 -32768
4455 -32768
4456 -32768
4457 -32768
4458 -32768
4459 -32768
4460 -32768
4461 -32768
4462 -32768
4463 -32768
4464 0
4465 32767
4466 32767
4467 32767
4468 32767
4469 32767
4470 32767
4471 32767
4472 32767
4473 32767
4474 32767
4475 32767
4476 32767
4477 32767
4478 32767
4479 32767
4480 32767
4481 32767
4482 32767
4483 32767
4484 32767
4485 32767
4486 32767
4487 32767
4488 32767
4489 32767
4490 32767
4491 32767
4492 32767
4493 32767
4494 32767
4495 32767
4496 0
4497 -32768
4498 -32768
4499 -32768
4500 -32768
4501 -32768
4502 -32768
4503 -32768
4504 -32768
4505 -32768
4506 -32768
4507 -32768
4508 -32768
4509 -32768
4510 -32768
4511 -32768
4512 -32768
4513 -32768
4514 -32768
4515 -32768
4516 -32768
4517 -32768
4518 -32768
4519 -32768
4520 -32768
4521 -32768
4522 -32768
4523 -32768
4524 -32768
4525 -32768
4526 -32768
4527 -32768
4528 0
4529 32767
4530 32767
4531 32767
4532 32767
4533 32767
4534 32767
4535 32767
4536 32767
4537 32767
4538 32767
4539 32767
4540 32767
4541 32767
4542 32767
4543 32767
4544 32767
4545 32767
4546 32767
4547 32767
4548 32767
4549 32767
4550 32767
4551 32767
4552 32767
4553 32767
4554 32767
4555 32767
4556 32767
4557 32767
4558 32767
4559 32767
4560 0
4561 -32768
4562 -32768
4563 -32768
4564 -32768
4565 -32768
4566 -32768
4567 -32768
4568 -32768
4569 -32768
4570 -32768
4571 -32768
4572 -32768
4573 -32768
4574 -32768
4575 -32768
4576 -32768
4577 -32768
4578 -32768
4579 -32768
4580 -32768
4581 -32768
4582 -32768
4583 -32768
4584 -32768
4585 -32768
4586 -32768
4587 -32768
4588 -32768
4589 -32768
4590 -32768
4591 -32768
4592 0
4593 32767
4594 32767
4595 32767
4596 32767
4597 32767
4598 32767
4599 32767
4600 32767
4601 32767
4602 32767
4603 32767
4604 32767
4605 32767
4606 32767
4607 32767
4608 32767
4609 32767
4610 32767
4611 32767
4612 32767
4613 32767
4614 32767
4615 32767
4616 32767
4617 32767
4618 32767
4619 32767
4620 32767
4621 32767
4622 32767
4623 32767
4624 0
4625 -32768
4626 -32768
4627 -32768
4628 -32768
4629 -32768
4630 -32768
4631 -32768
4632 -32768
4633 -32768
4634 -32768
4635 -32768
4636 -32768
4637 -32768
4638 -32768
4639 -32768
4640 -32768
4641 -32768
4642 -32768
4643 -32768
4644 -32768
4645 -32768
4646 -32768
4647 -32768
4648 -32768
4649 -32768
4650 -32768
4651 -32768
4652 -32768
4653 -32768
4654 -32768
4655 -32768
4656 0
4657 32767
4658 32767
4659 32767
4660 32767
4661 32767
4662 32767
4663 32767
4664 32767
4665 32767
4666 32767
4667 32767
4668 32767
4669 32767
4670 32767
4671 32767
4672 32767
4673 32767
4674 32767
4675 32767
4676 32767
4677 32767
4678 32767
4679 32767
4680 32767
4681 32767
4682 32767
4683 32767
4684 32767
4685 32767
4686 32767
4687 32767
4688 0
4689 -32768
4690 -32768
4691 -32768
4692 -32768
4693 -32768
4694 -32768
4695 -32768
4696 -32768
4697 -32768
4698 -32768
4699 -32768
4700 -32768
4701 -32768
4702 -32768
4703 -32768
4704 -32768
4705 -32768
4706 -32768
4707 -32768
4708 -32768
4709 -32768
4710 -32768
4711 -32768
4712 -32768
4713 -32768
4714 -32768
4715 -32768
4716 -32768
4717 -32768
4718 -32768
4719 -32768
4720 0
4721 32767
4722 32767
4723 32767
4724 32767
4725 32767
4726 32767
4727 32767
4728 32767
4729 32767
4730 32767
4731 32767
4732 32767
4733 32767
4734 32767
4735 32767
4736 32767
4737 32767
4738 32767
4739 32767
4740 32767
4741 32767
4742 32767
4743 32767
4744 32767
4745 32767
4746 32767
4747 32767
4748 32767
4749 32767
4750 32767
4751 32767
4752 0
4753 -32768
4754 -32768
4755 -32768
4756 -32768
4757 -32768
4758 -32768
4759 -32768
4760 -32768
4761 -32768
4762 -32768
4763 -32768
4764 -32768
4765 -32768
4766 -32768
4767 -32768
4768 -32768
4769 -32768
4770 -32768
4771 -32768
4772 -32768
4773 -32768
4774 -32768
4775 -32768
4776 -32768
4777 -32768
4778 -32768
4779 -32768
4780 -32768
4781 -32768
4782 -32768
4783 -32768
4784 0
4785 32767
4786 32767
4787 32767
4788 32767
4789 32767
4790 32767
4791 32767
4792 32767
4793 32767
4794 32767
4795 32767
4796 32767
4797 32767
4798 32767
4799 32767
4800 32767
4801 32767
4802 32767
4803 32767
4804 32767
4805 32767
4806 32767
4807 32767
4808 32767
4809 32767
4810 32767
4811 32767
4812 32767
4813 32767
4814 32767
4815 32767
4816 0
4817 -32768
4818 -32768
4819 -32768
4820 -32768
4821 -32768
4822 -32768
4823 -32768
4824 -32768
4825 -32768
4826 -32768
4827 -32768
4828 -32768
4829 -32768
4830 -32768
4831 -32768
4832 -32768
4833 -32768
4834 -32768
4835 -32768
4836 -32768
4837 -32768
4838 -32768
4839 -32768
4840 -32768
4841 -32768
4842 -32768
4843 -32768
4844 -32768
4845 -32768
4846 -32768
4847 -32768
4848 0
4849 32767
4850 32767
4851 32767
4852 32767
4853 32767
4854 32767
4855 32767
4856 32767
4857 32767
4858 32767
4859 32767
4860 32767
4861 32767
4862 32767
4863 32767
4864 32767
4865 32767
4866 32767
4867 32767
4868 32767
4869 32767
4870 32767
4871 32767
4872 32767
4873 32767
4874 32767
4875 32767
4876 32767
4877 32767
4878 32767
4879 32767
4880 0
4881 -32768
4882 -32768
4883 -32768
4884 -32768
4885 -32768
4886 -32768
4887 -32768
4888 -32768
4889 -32768
4890 -32768
4891 -32768
4892 -32768
4893 -32768
4894 -32768
4895 -32768
4896 -32768
4897 -32768
4898 -32768
4899 -32768
4900 -32768
4901 -32768
4902 -32768
4903 -32768
4904 -32768
4905 -32768
4906 -32768
4907 -32768
4908 -32768
4909 -32768
4910 -32768
4911 -32768
4912 0
4913 32767
4914 32767
4915 32767
4916 32767
4917 32767
4918 32767
4919 32767
4920 32767
4921 32767
4922 32767
4923 32767
4924 32767
4925 32767
4926 32767
4927 32767
4928 32767
4929 32767
4930 32767
4931 32767
4932 32767
4933 32767
4934 32767
4935 32767
4936 32767
4937 32767
4938 32767
4939 32767
4940 32767
4941 32767
4942 32767
4943 32767
4944 0
4945 -32768
4946 -32768
4947 -32768
4948 -32768
4949 -32768
4950 -32768
4951 -32768
4952 -32768
4953 -32768
4954 -32768
4955 -32768
4956 -32768
4957 -32768
4958 -32768
4959 -32768
4960 -32768
4961 -32768
4962 -32768
4963 -32768
4964 -32768
4965 -32768
4966 -32768
4967 -32768
4968 -32768
4969 -32768
4970 -32768
4971 -32768
4972 -32768
4973 -32768
4974 -32768
4975 -32768
4976 0
4977 32767
4978 32767
4979 32767
4980 32767
4981 32767
4982 32767
4983 32767
4984 32767
4985 32767
4986 32767
4987 32767
4988 32767
4989 32767
4990 32767
4991 32767
4992 32767
4993 32767
4994 32767
4995 32767
4996 32767
4997 32767
4998 32767
4999 32767
5000 32767
5001 32767
5002 32767
5003 32767
5004 32767
5005 32767
5006 32767
5007 32767
5008 0
5009 -32768
5010 -32768
5011 -32768
5012 -32768
5013 -32768
5014 -32768
5015 -32768
5016 -32768
5017 -32768
5018 -32768
5019 -32768
5020 -32768
5021 -32768
5022 -32768
5023 -32768
5024 -32768
5025 -32768
5026 -32768
5027 -32768
5028 -32768
5029 -32768
5030 -32768
5031 -32768
5032 -32768
5033 -32768
5034 -32768
5035 -32768
5036 -32768
5037 -32768
5038 -32768
5039 -32768
5040 0
5041 32767
5042 32767
5043 32767
5044 32767
5045 32767
5046 32767
5047 32767
5048 32767
5049 32767
5050 32767
5051 32767
5052 32767
5053 32767
5054 32767
5055 32767
5056 32767
5057 32767
5058 32767
5059 32767
5060 32767
5061 32767
5062 32767
5063 32767
5064 32767
5065 32767
5066 32767
5067 32767
5068 32767
5069 32767
5070 32767
5071 32767
5072 0
5073 -32768
5074 -32768
5075 -32768
5076 -32768
5077 -32768
5078 -32768
5079 -32768
5080 -32768
5081 -32768
5082 -32768
5083 -32768
5084 -32768
5085 -32768
5086 -32768
5087 -32768
5088 -32768
5089 -32768
5090 -32768
5091 -32768
5092 -32768
5093 -32768
5094 -32768
5095 -32768
5096 -32768
5097 -32768
5098 -32768
5099 -32768
5100 -32768
5101 -32768
5102 -32768
5103 -32768
5104 0
5105 32767
5106 32767
5107 32767
5108 32767
5109 32767
5110 32767
5111 32767
5112 32767
5113 32767
5114 32767
5115 32767
5116 32767
5117 32767
5118 32767
5119 32767
5120 32767
5121 32767
5122 32767
5123 32767
5124 32767
5125 32767
5126 32767
5127 32767
5128 32767
5129 32767
5130 32767
5131 32767
5132 32767
5133 32767
5134 32767
5135 32767
5136 0
5137 -32768
5138 -32768
5139 -32768
5140 -32768
5141 -32768
5142 -32768
5143 -32768
5144 -32768
5145 -32768
5146 -32768
5147 -32768
5148 -32768
5149 -32768
5150 -32768
5151 -32768
5152 -32768
5153 -32768
5154 -32768
5155 -32768
5156 -32768
5157 -32768
5158 -32768
5159 -32768
5160 -32768
5161 -32768
5162 -32768
5163 -32768
5164 -32768
5165 -32768
5166 -32768
5167 -32768
5168 -32768
5169 -32768
5170 -32768
5171 -32768
5172 -32768
5173 -32768
5174 -32768
5175 -32768
5176 -32768
5177 -32768
5178 -32768
5179 -32768
5180 -32768
5181 -32768
5182 -32768
5183 -32768
5184 -32768
5185 -32768
